"MEturquoise"	"MEgreen"	"MEmagenta"	"MEbrown"	"MEyellow"	"MEblack"	"MEgreenyellow"	"MEred"	"MEblue"	"MEpink"	"MEpurple"
"MEcyan"	-0.000220092835866451	0.00276477557920941	0.00350606244363325	-0.00297736518533695	-0.00210776314484216	-0.017695358846032	-0.00247973180550052	0.0093267769969844	-0.00516048907340308	0.00197815733781088	-0.00573447528038646
"MEdarkmagenta"	-0.0265271293100655	0.055941631263437	0.102207445665371	0.0133700505617777	0.00635449137129936	0.0538007594014265	-0.0529916504593255	-0.0789580036316734	-0.026979511669053	-0.0248290090204352	-0.0382236019238609
"MElightcyan"	-0.0389621123417938	0.0844266445851614	0.0507167610106536	-0.036351216208723	0.103248617276334	-0.047114829470484	-0.0699478252469676	0.0184116215538908	0.00481744297309147	-0.0219181744458798	-0.0077946798178659
"MEmagenta"	-0.0524501768098767	0.0631409773938224	0.0502494194225131	-0.0111919823210307	0.0365550261255785	-0.0566118866700136	-0.0746461922587352	0.0323429748533952	0.0315590868708614	-0.0365177185056711	0.0405319242974826
"MEskyblue3"	-0.0293724871441557	0.00753845254655989	-0.0338835686264779	-0.0442725682250199	-0.0178579955350245	-0.0290894423934686	-0.0363379286694505	-0.0369404698264538	-0.0416423241199479	0.044904755158105	-0.0424419313009499
"MEmidnightblue"	-0.0174160571731184	-0.00763230309536289	-0.0356894084628961	0.0163414475999823	0.0126364697744924	-0.0446808990150052	-0.0913876776324747	-0.0771695777219002	-0.0498145839217732	-0.00637701980194598	-0.0836810277656921
"MEgrey60"	-0.0307645246090749	0.0902310228321643	-0.00880016686137119	0.063979761097186	0.106381563006835	-0.0544000976778934	-0.076853074361195	-0.0680053500372989	-0.03036322583537	-0.0641683383153584	-0.0504844451483296
"MEskyblue"	-0.0479923323169118	-0.0108792424101472	-0.0266306255795814	0.0323665979374522	-0.00965542729266017	-0.0598901372736522	-0.078718391735187	-0.0769371713503931	0.0146565970354263	-0.0603249315950444	-0.0533727845133429
"MEgreenyellow"	-0.0286238092492922	-0.0274316298707277	-0.00920457071964257	0.0440814854699862	-0.0165916185823605	-0.0970584815914306	-0.0869844090224536	-0.0869474168678322	0.0542734473619575	-0.0813988557287689	-0.0728064197379776
"MEviolet"	-0.0331610707779156	-0.0282775778113637	-0.0227544967947992	0.0469457408029186	-0.0384562586099545	-0.0574379809578595	-0.0538981764570911	-0.0594775534326193	0.0259552100394146	-0.0523610720756842	-0.0344271897040175
"MEyellow"	-0.0258429288738691	0.0181426470706071	-0.0225397251094463	0.149481388252803	-0.00140755246140239	-0.0818803581920206	-0.0580478313002046	-0.0600705090773853	-0.0285190839179749	-0.0578733688435409	-0.0447011897406413
"MEpaleturquoise"	-0.0130603531727139	-0.0149386787097078	-0.0126989602003579	-0.0124984558093414	-0.0118600753445268	0.00531607585351408	0.0180495894651073	-0.0135209695483849	-0.0103102273814892	-0.0119440259930704	-0.0125841261327666
"MElightyellow"	0.0104502362763417	-0.0519836668317546	0.0258026192845919	0.00887444419436985	-0.034790284608929	-0.0532368571390033	0.0377874993155713	-0.0392561181380016	-0.0369354239948705	0.227063471423273	0.0780520783534225
"MEsalmon"	0.0414004442854014	-0.00946584558949201	-0.0070744220368694	-0.0379205678254729	-0.035003166256374	-0.0321602049504092	-0.0154176394602752	-0.0250607697438536	-0.021838676518678	0.125811375482311	0.285106523609827
"MEred"	0.272769300934375	-0.00781541572574404	-0.0160792038079047	-0.00665260395620486	-0.0157859955293044	-0.0214255835853506	-0.009978426302548	-0.00934759971723811	-0.0128342332781699	-0.00211157997506731	-0.00223835572181981
"MEblack"	-0.0431400918139134	-0.072003158326601	-0.0320440635990428	-0.0426846080176415	-0.0310527706552262	0.00675595735358907	-0.0461105164173427	0.0266067558537172	0.117454994718284	-0.0411950132820395	0.123009857247177
"MEsaddlebrown"	-0.0115299903968867	-0.0651015916581381	0.00887240119174213	-0.0306622450450001	-0.00712148005461547	-0.0340652581045836	0.00141260405398857	0.0752179011445863	-0.0304011074477341	-0.0280448799568201	0.18680467693346
"MEdarkgreen"	0.108164153475666	-0.0144873756822556	-0.00847411804471777	-0.0116778736165217	-0.0141037443327268	-0.0160125686975781	0.0172915816461277	-0.00411727862514533	-0.00256222598040803	0.00657928761467005	-0.0083420486495531
"MEdarkorange"	-0.0108612984245524	-0.0141755711351226	-0.00731090030582002	-0.0124670150131068	-0.013865060046753	-0.0111684912302469	0.948893570272228	-0.00979585440825644	0.00233731059348735	0.00775733988425855	-0.00549964635700328
"MElightgreen"	-0.00583644510395023	0.00947591169939224	-0.00721194470063711	-0.0117037270002081	-0.00149724704930733	0.00314769353888678	0.599075919696792	-0.00555406056845	-0.00320177956491957	0.0217230601615791	-0.00044370474696688
"MEblue"	-0.00937308593250094	-0.018914159705199	-0.0118086892163179	-0.0117943941330617	-0.0105514471774448	0.0427351463761078	0.0671595490723371	-0.00608040744163462	-0.00332336945017082	0.0204377669961102	-0.00531086286864212
"MEturquoise"	-0.0238488369519605	-0.0594714875182816	-0.0113317135688726	-0.0232753485317652	-0.033021380111941	-0.0429776279834136	0.0202598861612948	-0.0123772450844063	0.0302555459530189	0.0390155514066012	-0.00440360393599853
"MEdarkolivegreen"	-0.0253055991726642	-0.0895889087866927	-0.0302422827082664	-0.022367374638983	-0.0512311017524184	-0.0602206681217727	0.0646546860225085	0.00280767091495916	0.0809079943950524	0.062681948928527	0.0104432409950575
"MEbrown"	-0.0175913561478373	-0.0405227770823804	-0.0229847622147098	-0.0186926435685228	-0.0241291457810202	-0.0124187880050885	0.156396607479595	-0.0203064288800045	-0.00536601907964799	0.143334371486755	0.0010937427405722
"MEgreen"	-0.0123570143174493	-0.0189366963554057	-0.0175889119740884	-0.0165491066558691	-0.0173956645026153	-0.000699742272626145	0.0488970704720574	-0.00776117438621417	-0.00188537588414364	0.0846557541537868	-0.00397648162567833
"MEsteelblue"	-0.00486892279035556	-0.00678493921579024	-0.00800708051443492	-0.00861105713548839	-6.79481447165301e-06	0.739080690029363	0.0528865323892405	-0.00582980703798209	-0.00562611159350773	0.00544192400607314	-0.0035916147575286
"MEtan"	-0.00808196067830356	-0.00806815487607111	-0.0186007169343077	-0.0148806745785063	-0.0114382844006383	0.0807801006958482	0.0809781820790403	-0.0123928776864299	-0.00210567236967021	0.0369161520750861	-0.0136261631625428
"MEdarkred"	-0.0144314719050232	-0.012368897533758	-0.0198953670770883	-0.0086676960366004	0.00905454122405825	0.0708831233723691	0.168076031816203	-0.0163911891307515	0.00896381386009488	0.0930837768194571	-0.00890004280616101
"MEorange"	-0.0118142538160608	0.0231237430767916	-0.0139785424765974	-0.00774833168943715	0.000604684536013258	0.23153074436239	0.120219134698883	-0.0112410193376918	-0.00811920768021735	0.0566427992764569	-0.0119040081313629
"MEsienna3"	-0.00657292738120186	0.00376184081029103	-0.012265654766699	-0.00626893896487531	-0.00564152515857766	0.0984594433360959	0.0674695594193518	0.00253017047779156	-0.00385997969326402	0.00629152080425381	-0.00334842706864784
"MEdarkgrey"	-0.00637970938045267	-0.00237320661993387	0.000171353502875432	-0.00254802161467367	-0.00198225433280328	0.0258719165008376	-0.0050634878234329	0.00348068523199454	-0.00735861289848646	-0.00104502682325914	-0.00428757328851917
"MEyellowgreen"	-0.0187618244286744	0.00964524920145246	-0.00757594980299755	-0.0118018878714176	-0.0142302965559176	-0.0268652860079826	0.0463346246302126	0.124128041186471	-0.0170497555273014	0.0487517629179277	-0.00664547109241397
"MEroyalblue"	-0.0225619636988155	-0.0322789772784993	-0.0275383990023531	-0.0215714711028731	0.0128446099440177	0.00471380595522658	0.0200189193920586	-0.0215347382506948	-0.00348024815100444	0.025123284322507	-0.0188566113290962
"MEdarkturquoise"	-0.00299623288477206	-0.0191397936941536	-0.00745504799108592	-0.00871723836810368	-0.00644955603101578	0.00947571929050112	0.0255064466320174	-0.00729271859954599	-0.00795948743808724	2.89718281514698e-05	-0.00862728665817109
"MEpink"	-0.0127243305461595	-0.0225920643574016	-0.0144155258134974	-0.00924928668660003	1.25271276885616e-05	0.0150840319316384	0.0574662771507064	-0.00902221627104686	0.000679485128092376	-0.0019203412780885	-0.0102037411012151
"MEpurple"	-0.0112368265600694	-0.0174242699615487	-0.00666166889565159	-0.00231403186348403	-0.0127780044215236	-0.00881576585141061	0.0140538283356126	-0.00594365259592502	-0.00192577094693486	0.00763388778169481	-0.00833737653301669
"MEwhite"	-0.0167049996511484	-0.039004384398564	-0.00494839104242994	-0.012944361880556	-0.00708907766749787	0.00147366626598484	0.0237447819473124	-0.015673692558859	0.00372069519649961	0.00860320396892973	-0.0133386807562714
