"MEturquoise"	"MEgreen"	"MEmagenta"	"MEbrown"	"MEyellow"	"MEblack"	"MEgreenyellow"	"MEred"	"MEblue"	"MEpink"	"MEpurple"
"MEcyan"	0.996356395851062	0.954254396592344	0.942008431041607	0.950741215232007	0.965117254798614	0.713484069818952	0.958966308386766	0.846551078314591	0.914730967496542	0.967260946421895	0.905289026962949
"MEdarkmagenta"	0.581979871268306	0.245391966324908	0.0334847629990645	0.78145692975819	0.895104913870532	0.263954003392794	0.271214275746966	0.100834215381837	0.575556960901138	0.60638241710655	0.427560881974447
"MElightcyan"	0.418680516361439	0.0792831644344793	0.292352672500134	0.45055946999205	0.0317139457017077	0.328022226623859	0.146197992631829	0.702427294173006	0.920379813081329	0.649235930281568	0.871518180927332
"MEmagenta"	0.276148478159285	0.189726217907907	0.296828217087987	0.816363937520338	0.448022700969846	0.239772853649278	0.120911021132848	0.502065183859491	0.512489062378929	0.448486453698081	0.400167322667234
"MEskyblue3"	0.542148935855203	0.875706850584243	0.481909181837144	0.358074592434975	0.710968118832016	0.546049705003474	0.450725137530528	0.443247359528477	0.387373248426479	0.351245245662194	0.378315937628056
"MEmidnightblue"	0.717812041120718	0.874172221707268	0.458852475771329	0.734547065949763	0.793168583841664	0.353654039902617	0.0574153880902368	0.108814379735051	0.301033264636377	0.894735185572123	0.0819806719500345
"MEgrey60"	0.523168486823328	0.0606571049997189	0.855116744640278	0.183898815329501	0.0268602556844361	0.258662915211263	0.110277149868858	0.157760169742448	0.528605136125024	0.182607067155055	0.29457179259372
"MEskyblue"	0.319083440791221	0.821407805186367	0.580507493569739	0.501752796519333	0.8412144368483	0.21359260730732	0.101875622304779	0.109886980609239	0.761037419783322	0.210281016856446	0.267777482627156
"MEgreenyellow"	0.552496823908217	0.569171337956006	0.848537274466152	0.36015508476206	0.730639548943626	0.0435302682639596	0.0705715327766433	0.0706917072012625	0.259774862235126	0.0907008159716405	0.130373137265353
"MEviolet"	0.491306815494335	0.55731472224547	0.636796287847491	0.329763094504279	0.424751527796683	0.232972434996471	0.263088959036788	0.216769554256661	0.590147394623697	0.276966257680062	0.474902967208783
"MEyellow"	0.591757028355484	0.706572184377304	0.639981308522757	0.00181431086715829	0.976701398169957	0.0888016535731246	0.228040390191508	0.212214290702405	0.55395195282513	0.229443689448752	0.353435274580469
"MEpaleturquoise"	0.786395409557645	0.756581878715601	0.792169066855835	0.795377276715233	0.805614545629006	0.912170359544224	0.708008228561595	0.77905351874663	0.830603634705873	0.804266348296557	0.794006066581346
"MElightyellow"	0.828338759779908	0.280448204825337	0.592335385945493	0.853907518701588	0.470254600331207	0.268999740047951	0.432855819348469	0.415175509449996	0.443309685543916	1.80852784993779e-06	0.10481645996651
"MEsalmon"	0.390138815116064	0.844292004001034	0.883301338657578	0.431236172870637	0.467540962673339	0.504485561345849	0.749035099576099	0.603025179471403	0.650423560483792	0.0087718909697872	1.52810025036344e-09
"MEred"	7.95942097131152e-09	0.87117935650593	0.738650516755867	0.890214268305227	0.743247277876329	0.656609005473204	0.835976634370798	0.846212746957313	0.790006579198064	0.965054127818191	0.962957496041098
"MEblack"	0.370514954050945	0.13467977662726	0.506026773023077	0.375593004010924	0.519281160550993	0.888519679855282	0.338449503100875	0.580846919158039	0.0144657395753877	0.392497006135436	0.0104069267155708
"MEsaddlebrown"	0.810921062091766	0.176312875215254	0.853940773975281	0.524551412379462	0.882530671258771	0.479561345493933	0.976617805176353	0.118082385177898	0.528090707298728	0.560564185503383	9.21465398477936e-05
"MEdarkgreen"	0.0243949524990574	0.763714113052087	0.860428754647179	0.808542573430843	0.769792666081749	0.739694375723421	0.719743795829924	0.931921355183933	0.957602485494933	0.891416670961771	0.862582244624408
"MEdarkorange"	0.821697431124482	0.768653500866986	0.879429670753357	0.795880665705126	0.77358171733763	0.816742541287728	5.40680843382339e-218	0.838936373830447	0.961321145695883	0.872128374087188	0.909150372789349
"MElightgreen"	0.903613002934278	0.844128536208189	0.88104944697389	0.808126939302597	0.975217184413858	0.94792711354762	1.58078554380896e-43	0.908255433651674	0.947033658071965	0.6521523480598	0.992654611891452
"MEblue"	0.845798680740826	0.694706857149737	0.806440060660002	0.806669748559243	0.826702390487365	0.375027463860104	0.163005168253599	0.899604873391816	0.94502533987134	0.671494834196063	0.912256138970878
"MEturquoise"	0.620672114682802	0.216816513941862	0.814112787143861	0.629099976642838	0.49313503980015	0.372321318979373	0.67418930907223	0.797318409938017	0.530068806328239	0.418042152203425	0.92719969238081
"MEdarkolivegreen"	0.599487712806317	0.0625210396282659	0.530249232673981	0.642542024698518	0.287479504518237	0.211071739421792	0.179306558870526	0.953545449761868	0.0926702647485345	0.19297213671656	0.828451886416615
"MEbrown"	0.715094598274579	0.400273757562228	0.633388913032521	0.698106153088682	0.616570650402162	0.796652978080371	0.00109421789446275	0.673483892620539	0.91134859788385	0.00279504344303071	0.981894737581587
"MEgreen"	0.797642518263557	0.694361360169768	0.715132462640563	0.731303071229654	0.718128395350138	0.988416236213164	0.310035170185003	0.872065708802978	0.9687957056669	0.0784688857983739	0.934244061919725
"MEsteelblue"	0.919531846715975	0.888044582310514	0.868048679837857	0.858196952502021	0.999887512468229	5.76662289656896e-76	0.272167429776207	0.90372209637105	0.907070604253137	0.910099845775194	0.9405959414717
"MEtan"	0.866826134996619	0.867051514200886	0.699518600153182	0.757497413636835	0.812396896759467	0.0931889829285033	0.0923865770199108	0.797067990659998	0.965151834454553	0.443547777853659	0.777379534945394
"MEdarkred"	0.764599002997749	0.797452138202771	0.679723910456726	0.857274193578114	0.850976986053551	0.140866660195316	0.00044417333589709	0.733769584385986	0.852453044872288	0.0529224738929795	0.853490855504376
"MEorange"	0.806350655308805	0.631336068124225	0.771779536516654	0.872275593506185	0.989989764512525	1.11457828257598e-06	0.0122988227796317	0.815573750113227	0.866218132953957	0.239515895341177	0.804908939186804
"MEsienna3"	0.891520991831736	0.937786025926897	0.799106582147071	0.896509174610369	0.906817165473328	0.0405733220076756	0.161067717704631	0.958132423935765	0.936166399323375	0.896138483796077	0.944611502310547
"MEdarkgrey"	0.894691046722299	0.960727596950927	0.99716326438685	0.957837308392989	0.967193178068613	0.591341276866471	0.91632783769463	0.942427450150823	0.878648856066275	0.982701027296862	0.929112803549667
"MEyellowgreen"	0.69704387983172	0.841379601526739	0.875093645358412	0.8065493399804	0.767785895546672	0.577175580800221	0.336104512909626	0.00972443747785306	0.723501824934651	0.311476893763394	0.890331237693614
"MEroyalblue"	0.639651206430037	0.502911991021165	0.567668288570099	0.654421851814928	0.789840763177913	0.922087176219697	0.677846033032104	0.654972275294368	0.942434667209498	0.60212103555776	0.695589386258643
"MEdarkturquoise"	0.950429459329036	0.691250648703426	0.877071059437621	0.856467211003523	0.893544902920993	0.844131660754416	0.596592740928581	0.879727244446484	0.868825880661076	0.999520374063426	0.85793252191395
"MEpink"	0.791763372256771	0.63920451567348	0.764851466766621	0.847810402203478	0.999792614549142	0.754289126874047	0.232741940127756	0.851502826791565	0.98875155717824	0.968217306185379	0.832327166426794
"MEpurple"	0.815641305657951	0.717684648648857	0.89006561890682	0.961706076090915	0.790905264131684	0.85486276675442	0.770584620156882	0.901851351663585	0.968127489789697	0.874146313206936	0.862658445706875
"MEwhite"	0.728870890689458	0.418175502096538	0.918223039197122	0.788247241799943	0.883061312105819	0.975607377394416	0.622197647380042	0.745010332006912	0.938465145729073	0.858324911278357	0.781956761391266
